0
0
00
0
0
00
0
0
00
0
00
0
0
0
0
0
0
0
0
0
0000000000000000000000000000000000000000000000000000000000000000000000000000000000000000000000000000000000000000007000000000
0000000000000000000000000000000000000000000000000000000000000000000000000000000000000000000000000000000000n000000007000000000
0000000000000000000000000000000000000000000000000000000000000000000000000000000000000000000000000000000000000000007000000000
000000000000000000000000000000000000000p000000000000000000000000000000000000000000111110000000000000000000000000007000000000
0000000000000000000000000000000000000011111111000000000000000000000000000000000000000000000000000000000000000000007000000000
0000000000000000000000000000000000000055554545000000000000000000000000000000000000000000000000000000000000000000007000000000
0000000000000000000000000000000000000005554455000000000000000000001111000000000000000000000000000000001111111111111100000000
2000000000000000000000000000000000000000555550000000000000000000000000000000000000000000000000000000000000000000000000000000
2000000000000000000000000000000000000000004550000000000000000000000000000001111000000000000000000000000000000000000000000000
20000000000 0000000000000000000000000000000050000000111111100000000000000000000000000000000000000000000000000000000000000000
2000000000 00000000000000000000000000000000000000000000000000000000000000000000000000000000000000000000000000000000000000000
200000000 000000000000000000000000000000000000000000000000000000000000000000000000011111111111110000000000000000000000000000
20000000 0000000000000000000000000000000000000000000000000000000000000000000000000000000000000000000000000000000000000000000
2000000 00000000000000000000000000000000000000000000000000000000000000000000000000000000000000000000000000000000000000000000
200000 000000000000000000000000000000000000000000000000000000080030000309000000000000800000000000000000000000000000000000000
2                  111111000000000000000000000000000000000000011111111111111111111111111100000000000000000000000000000000000
2000 00000000000000000000000000000000000000000000000000000000000000000000000000000000000000000000000000000000000000000000000
200 000000000000000000000000000000000000000000000000000000000000000000000000000000000000000000000000000000000000000000000000
20 0000000000000000000000000000000000000000000000000000000000000000000000000000000000000000000000000000000000000000000000000
2 00000000800000000000000333333333330000003093000333333380000000000000000000000000000000000000000000000000000000000000000000
1111111111111111111111111111111111111111111111111111111110000000000
5555555555555555555555554555555555555555555555555555555550000000000
5555555555555555555545555555545555555555555455555554555550000000000
5555555555555555545555555555545555555555555555555555555550000000000
5555555555555555555555555555555555555555555555555555555550000000000
55555555555555555555555555555555555555555555555555555555566666666666666666666666666666666666666666666666666666666666666666666666666666666666666666666666666666666666666666666666666666666666666666666666666666666
5555555555555555555555555555555555555555555555555555555556666666666
