   2
   2                 8 9    98
   2                  1111111
   2                                                                                                                                                            n         777
   2                                                                                                                                                                      777
   2                                                                                                                                                                      777
   2                                                                                                                                                                      777
   2                                                                                                                                                                      777
    
   2                                                                                                                                                     8 9              7778
   2                           1111111                                                                                                                    44444444444444444444       
   2                                                                                                                                                      44444444444444444444
   2                                                                                                                                                        444444444444444
   2                                                                                                                                            11             44444444444
   2                                                                                                                                                              444444
   2                                                                                                                                                                 44
   2                                         111111111                                                                                                                4
   2                                                                                                                              11111111111                         4
   2
   2                                                       11111                                                     111111
   2
   2
   20000000000000000000000000000000000000000000000000000000000000000000000000000000000000000000008 9          8                 
   2                                                                                              111114441111                     
   2                                                                  111111111111
   2
   2
   2
   2000000000000000000000000000000000008          9     8
   2                                    1111111111111111
   2
   2
   2
   2
   2                               
   2                     11111111111
   2
   2
   2
   2              8               9           8
11111111111111111111111111111111111111111111111111
55555555555555555555555555555555555555555555555555
55555555555555555555555555555555555555555555555555
55555555555555555555555555555555555555555555555555
55555555555555555555555555555555555555555555555555
55555555555555555555555555555555555555555555555555
55555555555555555555555555555555555555555555555555666666666666666666666666666666666666666666666666666666666666666666666666666666666666666666666666666666666666666666666666666666666666666666666666666666666666666666666666666666666666666666666666666666666666666666666666666666666666666666
55555555555555555555555555555555555555555555555555
