0
0
0
0
0
0
0
0
0
0
000000000000000000000000000000000000000000000000000000000000000000000000000000000000000
0000000000000000000000000000000000000000000000000000000000000000000000000000000000000000000000700000
1111111111100000000000000000000000000000000000000000000000000000000000000000000000000000000000700000
20000000000000000000000000000000000000000000000000000000000000000000000000000000000000000000007000000
2000000000000000000000000000000000000000000000000000000000000000000000000000000000000000000000700000
20000000000000000000000000000000000000000000000000000000000111111111111111000000000000000000007000000000
200000000000000000000000000000000000000000000000000000000000000000000000000000000000000000000070000000
200000000000000000000000000000000000000000000000000000000000000000000000000000000000000000000070000
200000000000000000000000000000000000000000000000000000000000000000000000000000000000000000000070000
200000j00000000000000000000000000000000000000000000000000000000000000000000000000000000000000070
20000111000000000000000000000000000000000000000000000000000000000000000000000000000000000000007000
2000000000000000000000000000000000000000000000000000000000000000000000000000000000000000000000700
2000000000000000000000000000000000000000000000000000000000000000000000000000000000000000000000700
20000000000000000000000000000000000000000000000000000000000000000000000000000000000000000000007000
2000000000000000000000000000000000000000000000011111110000000000000000000000000000000000000000700
200000000000111111000000000000000000000000000000000000000000000000000000000000000n00000000000070000
2000000000000000000000000000000000000000000000000000000000000000000000000000000000000000000000700000000
200000000000000000000000000000300000000000000000000000000000000000000000000000000000000000000070
20000000000000000000000000111111111111000000000000000000000000000000000000000000000000000000070000
200000000000000000000000000000000000000000000000000000000000000000000000000000000000b0000000007
20000000000000000000000000000000000000000000000000000000000000000000000000000000000000000000007
2000000000000000000000000000000000000000000000000000000000000000000000000000000000000000      7
200000000000000000000000000000000000000000000000000000000000000000000000000000000000000       7
2000000000000000000000000000000000000000000001111111111111000000000000000000000000000000007000000000
20000000000000000000000000000000000000000000000000000000000000000000000000000111111111111111111100000000000
2000000000000000000000000000300000000000000000000000000000000000000000000000000000000000
20000000000000000000000001111111111111100000000000000000000000000000000000000000000000000
2000000000000000000000000000000000000000000000000000000000000000000000000000000000000000
2000000000000000000000000000000000000000000000000000000000000000000000000000000000000000
2000000000000000000000000000000000000000000000000000000000000000000000000000000000000000
1111111111111111111111111111111111111111111111111111111110000000000
5555555555555555555555554555555555555555555555555555555550000000000
5555555555555555555545555555545555555555555455555554555550000000000
5555555555555555545555555555545555555555555555555555555550000000000
5555555555555555555555555555555555555555555555555555555550000000000
55555555555555555555555555555555555555555555555555555555566666666666666666666666666666666666666666666666666666666666666666666666666666666666666666666666666666666666666666666666666666666666666666666666666666666
5555555555555555555555555555555555555555555555555555555556666666666

