0
0
00
0
0
0
00
0
0
0
0
0
0
0
00
0
0
00
0
0
0
0                                       
00020000800000    0000000   0000000000000000000000000080000000000000000000000000000000000000000000200000000000000000000000000000000000000000000000000000000000000000000000000000
000200008000000000    000  0000000000000000000000000008000000000000000000000000000000000000000000200000000000000000000000000000000000000000000000000000000000000000000000000000
000200008000000000000       0000000000000000000000000080000000000000000000000000000000000000000000200000000000000000000000000000000000000000000000000000000000000000000000000000
00020000800000000000000000    00   000000000000000000080000000000000000000000000000000000000000200000000000000000000000000000000000000000000000000000000000000000000000000000
0002000080000000000000000000      000000000000000000008000000000000000000000000000000000000000000200000000000000000000000000000000000000000000000000000000000000000000000000000
0002000080000000000000000000   000    000000000000000080000000000000000000000000000000000000000200000000000000000000000000000000000000000000000000000000000000000000000000000
00020000800000000000000000000000000000    00000000000080000000000000000000000000000000000000000200000000000000000000000000000000000000000000000000000000000000000000000000000
000200008000000000000000000000000000000000    0000000080000000000000000000000000000000000000000200000000000000000000000000000000000000000000000000000000000000000000000000000
0002000080000000000000000000000000000000000000    000080000000000000000000000000000000000000000200000000000000000000000000000000000000000000000000000000000000000000000000000
00020000800000000000000000000000000000000000000000    80000000000000000000000000000000000000000200000000000000000000000000000000000000000000000000000000000000000000000000000
0002000080000000000000000    00000000000000000000000008000000000000000000000000 0000000000000002000000000000000000000000000000000000000000000000000000000000000000000000000000
00020000800000000000000000000    0000000000000000000008000000000000000000000000000000000000002000000000000000000000000000000000000000000000000000000000000000000000
00020000800000000000000000000000B    0000000000000000080000000000000000000000000000000000000000020000000000000000000000000000000000000000000000000000000000000000000000000000
0002000080b00000000000000000000000       0000000000000800000000000000000000000000000000000000000000200000000000000000000000000000000000000000000000000000000000000000000000000000
000200008000000000000000000000000  000000    00000000080000000000000000000000000000000000000000200000000000000000000000000000000000000000000000000000000000000000000000000000
000200008000000000000000000000000   000000000    0000080000000000000000000000000000000000000000000200000000000000000000000000000000000000000000000000000000000000000000000000000
0002000080000000000000000000000000000000000000000    080000000000000000000000000000000000000000200000000000000000000000000000000000000000000000000000000000000000000000000000
00020000800000000000000000000000000000000000000000    800000000000000000000000000000000000000200000000000000000000000000000000000000000000000000000000000000000000000000000
1111111111111111111111111111111111111111111111111111111111111111111111111111111111111111111111111111111111111111111111111111111111111111111111111111111111111111111111
5555555555555555555555555555555555555555555555555555555555555555555555555555555555555555555555555555555555555555555555555555555555555555555555555555555555555555555555
5555555555555555555555555555555555555555555555555555555555555555555555555555555555555555555555555555555555555555555555555555555555555555555555555555555555555555555555
5555555555555555555555555555555555555555555555555555555555555555555555555555555555555555555555555555555555555555555555555555555555555555555555555555555555555555555555
5555555555555555555555555555555555555555555555555555555555555555555555555555555555555555555555555555555555555555555555555555555555555555555555555555555555555555555555
5555555555555555555555555555555555555555555555555555555555555555555555555555555555555555555555555555555555555555555555555555555555555555555555555555555555555555555555
5555555555555555555555555555555555555555555555555555555555555555555555555555555555555555555555555555555555555555555555555555555555555555555555555555555555555555555555
5555555555555555555555555555555555555555555555555555555555555555555555555555555555555555555555555555555555555555555555555555555555555555555555555555555555555555555555
